2.00
2.00
2.50
1.75
2.00
1.75
2.00
1.75
2.00
1.75
3.00
1.25
2.75
1.50
1.75
2.00
2.00
1.75
1.50
1.25
2.50
1.75
1.75
1.50
3.00
1.75
2.00
1.50
1.25
1.50
2.25
1.75
1.75
2.25
5.00
2.25
1.50
1.75
2.00
1.50
1.50
1.75
1.75
1.50
5.00
2.00
2.50
2.00
2.00
1.25
2.00
1.50
1.75
1.75
1.25
1.75
1.75
2.75
2.25
1.50
2.25
2.00
2.00
1.50
2.00
2.50
1.75
1.50
1.25
1.50
3.00
1.75
5.00
5.00
2.50
1.50
2.25
1.50
2.00
2.25
2.75
2.00
5.00
DRP
1.25
2.50
2.25
2.75
5.00
1.25
2.25
5.00
2.50
2.00
2.00
3.00
2.50
2.25
2.00
2.25
2.00
2.50
2.50
2.75
2.25
2.00
2.50
1.75
2.00
2.00
1.50
1.50
2.00
1.50
1.75
1.25
1.75
1.50
2.00
2.50
2.00
1.50
1.75
1.25
2.50
1.75
2.50
2.50
2.00
2.25
2.00
1.25
1.75
2.25
1.00
1.50
2.75
2.25
2.25
1.50
2.75
2.25
2.00
2.00
2.00
1.50
1.25
1.75
2.25
2.00
1.75
2.25
1.50
2.25
2.00
2.75
1.50
1.50
1.75
1.75
1.75
2.00
1.50
1.75
5.00
1.75
1.50
2.50
1.75
2.75
1.50
1.00
1.75
1.25
2.25
5.00
2.75
1.75
2.00
1.75
2.50
1.75
